Translation Results:
               Perfect  Vel (bcs)  Vel (ang)        Acc    AccLERP   2D (bcs)  Quadratic       deg4       Jerk     Spline    Spline2       Circ 
       c_m_h       1.0 3|-9.45011 -11.197458 2|-9.41296  1|-9.0771  0|-4.2894 6|-10.0654 -17.710438  -13.73957  5|-9.5516 4|-9.45557 -10.449401
       c_m_s       1.0 -16.345314 -17.802805 -13.952025 -13.192916 0|-4.51189 3|-11.8851 -12.262189 1|-10.8284  -13.12434 2|-11.5027  -13.93907
       c_s_h       1.0 -31.241623 -33.056089 -25.499388 4|-23.9569 0|-10.8021 5|-24.5684 -27.250407 -24.663047 3|-23.7954 2|-23.4657 1|-22.7122
       c_s_s       1.0 -23.459767 -24.781443 -18.971265  -18.00351 0|-7.46763 4|-16.0222 2|-15.1295 1|-13.9429 -17.849104 3|-15.6146 -17.973872
       c_s_t       1.0 1|-4.25589 2|-10.0083 6|-11.6246 3|-11.1305 0|-1.62118 7|-12.3657 -23.064877 -16.833111 5|-11.4093 4|-11.3945 -14.108897
       e_s_h       1.0 -27.479147 -29.075834 -21.576428 3|-20.1724 0|-7.86602  5|-20.597 -23.859856 -21.051859 4|-20.3585 2|-19.6203 1|-19.5564
       e_s_s       1.0 -24.010143  -24.95213 -17.982608 -16.844862 0|-5.78808 4|-15.0351 2|-14.0655  1|-12.801 -16.914574 3|-14.5842 -15.459278
       e_s_t       1.0 1|-2.68853 3|-7.42568 -7.8464119 -7.9511395 0|-1.28388 4|-7.84143  -13.82338 -10.302496 -7.9869989 2|-7.24811 -8.8728231
       l_m_h       1.0 1|-9.32544 -11.316194 3|-10.1223 2|-9.61757 0|-4.49972 7|-11.3099 -20.514389 -15.768187 4|-10.2655 5|-10.5598 6|-11.3078
       l_m_s       1.0 -15.361484 -16.779495 -13.884486  -12.98448 0|-4.65032 3|-12.2792 -14.251792 2|-12.0609 -13.056102 1|-11.8252 -14.609968
       l_s_h       1.0 -28.646945 -30.440588 -23.255279 2|-21.5502 0|-8.81559 5|-22.8756 -25.000128 -23.006542 4|-21.7425 3|-21.6476 1|-20.9866
       l_s_s       1.0 -22.378842  -23.75815 -18.633132 -17.424031 0|-6.60358 4|-16.0105  3|-15.657 1|-14.1936 -17.544972 2|-15.4531 -19.120297
       l_s_t       1.0 1|-4.05598 2|-8.61605 4|-9.15814 3|-8.94923 0|-1.96995 7|-10.2427 -20.456152 -15.112886   6|-9.504 5|-9.44746 -10.655883
       o_m_s       1.0 -11.208888 -12.273754 -9.5140137 -9.0185423 0|-3.19157 3|-8.36768 -9.9963256 2|-8.33613 -9.0092874 1|-8.06522 -9.0413261
 o_s1_m_h_c1       1.0 1|-10.7705 6|-12.8859 3|-11.6724 2|-10.9434 0|-4.94658  7|-12.976 -21.754751 -17.250622 4|-11.6926 5|-12.1139 -13.066855
 o_s1_m_s_c1       1.0 -17.379071 -18.870569 -15.231808 1|-14.0616 0|-5.50898 4|-14.9661 -19.893332 -16.371624 3|-14.3083 2|-14.1682 -15.437456
 o_s2_m_h_c1       1.0 5|-11.6008  -13.48299 3|-11.4193 1|-10.8308 0|-5.02091 6|-12.2601    -19.765 -15.896693  2|-11.415 4|-11.4819 -12.407369 
 o_s2_m_s_c1       1.0 -18.064881 -19.645094 -15.883528 3|-14.7443  0|-5.3137 4|-14.8269 -16.244856  2|-14.498 -14.842716 1|-14.1467 -16.005613
         Avg       1.0  -15.96174 -18.124258 -14.766577 2|-13.9221 0|-5.24169 4|-14.1816 -18.516957 -15.472915 3|-14.1467 1|-13.4692 -14.776966


Translation Results:
               Perfect  Vel (bcs)  Vel (ang)        Acc    AccLERP   2D (bcs)  Quadratic       Jerk     Spline    Spline2
       c_m_h       1.0 -4.5714412 -5.9009011 2|-4.33714 4|-4.49779 0|-2.00161 5|-4.51373 -6.2472257  3|-4.4252 1|-4.25129
       c_m_s       1.0 -7.5602508 -8.9833016 -5.9540167 -6.1719384 0|-1.87795 2|-4.34451 -4.5198621  -6.075165 1|-4.34439
       c_s_h       1.0 -14.657485 -15.906627 -10.797102 -10.757168 0|-4.37037 2|-9.11241 -9.6253077  -10.54752  1|-8.9144
       c_s_s       1.0  -10.82909 -12.343103 -8.2326105 -8.4435289 0|-3.12519 1|-6.12873 -6.5480423 -8.3519804 -6.1467071
       c_s_t       1.0 1|-2.38759 3|-5.42768  4|-5.4875 5|-5.58018 0|-1.04471 6|-5.62111 -8.3981484 -5.6586173 2|-5.21062
       e_s_h       1.0 -12.724625 -14.055287 -9.0366011 -9.1328659 0|-3.14355 2|-7.50088 -7.9046309 -8.9477993 1|-7.29798
       e_s_s       1.0 -11.057814 -12.315914 -7.6405951 -7.8373287 0|-2.41715 1|-5.40974 -5.4582335 -7.7886165 -5.4456409
       e_s_t       1.0 1|-1.50076 -4.2335578 -3.6728553  -4.096214 0|-0.75302 3|-3.53377 -5.2239038 -3.8456991 2|-3.30264
       l_m_h       1.0 1|-4.58574 -5.7559684  3|-4.6558 2|-4.63141 0|-2.12215 6|-5.01041 -6.9358087 5|-4.71134 4|-4.69974
       l_m_s       1.0 -7.3398782 -8.4838657 -6.3263387 -6.3208264 0|-2.31802 2|-5.18948 -6.4825079 -6.4012713  1|-5.0823
       l_s_h       1.0 -13.410007  -14.45646 -9.5957828 -9.4363511 0|-3.37718 3|-8.07271 2|-8.05381  -9.401574 1|-7.82706
       l_s_s       1.0 -10.401862 -11.801909 -7.9961024 -8.0656045  0|-2.7158 2|-5.92148 -6.2861254 -8.0943073 1|-5.89963
       l_s_t       1.0 1|-2.42363 6|-4.99145 2|-4.79402  3|-4.9091 0|-1.17816 7|-5.36487 -8.4324534 4|-4.91238 5|-4.95535
       o_m_s       1.0 -5.2337248 -6.2845521 -4.2312666 -4.3671814 0|-1.49973 2|-3.42591 -4.3142812  -4.293722 1|-3.35924
 o_s1_m_h_c1       1.0  5|-5.2372 -6.3310367 4|-5.14437 1|-5.02678 0|-2.22451 6|-5.35239  -6.993066 3|-5.12492 2|-5.04156 
 o_s1_m_s_c1       1.0 -8.1516681 -9.0180349 -6.4609977 -6.2994263 0|-2.29428 2|-5.61817 -6.3316344 -6.4262806 1|-5.42707
 o_s2_m_h_c1       1.0 -5.5382466 -6.7506295 3|-5.04365 -5.0862563 0|-2.19382  4|-5.0736 -6.5646275 2|-5.03698 1|-4.79199
 o_s2_m_s_c1       1.0 -8.4264112 -9.4601967 -6.6549934 -6.5850365 0|-2.19361 2|-5.35431 -5.4615714 -6.6224622 1|-5.24401
         Avg       1.0 -7.5494294 -9.0212499 -6.4526208 -6.5161654 0|-2.27545 2|-5.60747 -6.6895997   -6.48491 1|-5.42016
Column to compare against: Quadratic
Excluded columns: Static, Vel, deg4, Circ, Screw

Translation Results:
               Perfect  Vel (bcs)        Acc   2D (bcs)  Quadratic     Spline    Spline2       Circ      Screw
       c_m_h       1.0 1|-1.34381 2|-1.39084 0|-0.64852 6|-1.52226 4|-1.43998 3|-1.42643 5|-1.52114 -1.7565858
       c_m_s       1.0 -1.9987037 -1.6217528 0|-0.58004 2|-1.27567 -1.7437206 1|-1.25846  -1.513604  -2.660133
       c_s_h       1.0 -3.8698003 -2.9191002 0|-1.19572 2|-2.48799 -3.0516865 1|-2.43011 -2.5410488 -3.9164255
       c_s_s       1.0 -2.8683687 -2.2698249 0|-0.93271 2|-1.83807 -2.4489628 1|-1.81281 -2.0513973 -3.7096364
       c_s_t       1.0 1|-0.95798 3|-1.70266 0|-0.47691 5|-1.80629 4|-1.79017 2|-1.68268 -2.0303272 -2.2132609
       e_s_h       1.0 -3.3366455 -2.3387131 0|-0.82351 2|-1.84171 -2.4833963 1|-1.81146 -1.9511687  -3.463528
       e_s_s       1.0 -2.8876856 -2.0144853 0|-0.74525 1|-1.44847 -2.1916713 -1.4585429 -1.6308297 -3.6692529
       e_s_t       1.0  1|-0.6818 2|-1.24923 0|-0.36119 5|-1.33848 4|-1.31815 3|-1.24924 -1.4703551 -1.5895829
       l_m_h       1.0 1|-1.37621 2|-1.45579 0|-0.66998 5|-1.60592  3|-1.4942 4|-1.50052 -1.6070818 -1.8003087
       l_m_s       1.0 -2.0305508  -1.838369 0|-0.72242 2|-1.63918  -1.962843 1|-1.58307 -1.8687169 -2.6767686
       l_s_h       1.0 -3.5193214 -2.4207419 0|-0.84217 2|-1.85676 -2.5730055  1|-1.8343  -1.979302 -3.5093432
       l_s_s       1.0 -2.7874331 -2.2367996 0|-0.87698 2|-1.79247 -2.4046365 1|-1.76488 -2.0963404 -3.8752993
       l_s_t       1.0 1|-0.97599 2|-1.60898 0|-0.52495 6|-1.83642 3|-1.69063  4|-1.7029 -1.8902902 5|-1.83143
       o_m_s       1.0 -1.4498912 -1.3147128 0|-0.55638 2|-1.26974 -1.3896257 1|-1.20763 -1.3281024 -1.7937387 
 o_s1_m_h_c1       1.0  4|-1.4961  2|-1.4491 0|-0.65648 5|-1.49712 3|-1.48881 1|-1.40954  -1.559959 -1.9598823
 o_s1_m_s_c1       1.0 -2.1675754 -1.6502385 0|-0.62014 2|-1.36874 -1.7397053 1|-1.33135  -1.554967 -2.6342621
 o_s2_m_h_c1       1.0 -1.5682475 2|-1.48737 0|-0.66801 4|-1.53826 3|-1.53683 1|-1.44761 -1.5667048 -2.0441305
 o_s2_m_s_c1       1.0 -2.2282843 -1.6863174 0|-0.58841  2|-1.2749 -1.8004487  1|-1.2653 -1.5438278  -2.846777
         Avg       1.0 -2.0844501 -1.8144481 0|-0.69445  2|-1.6268 -1.9190321 1|-1.56739  -1.762577 -2.6627043
Column to compare against: Quadratic
Excluded columns: Static, Vel, Vel (ang), AccLERP, deg4, Jerk